MTS793|BTW|ENU|1|0|.|/|:|1|0|0|A

Data Header:                                                Time:     302.74771 s         8/30/2019 3:23:48 PM
Data Acquisition: Timed
Station Name: Default.cfg
Test File Name: Untitled test
Running Time Axial Force Axial Displacement
s         N         mm
0.20914714 -0.83751976 0.00034496188
0.40917969 0.53811818 -0.0010624528
0.60921222 -0.87656081 -0.00013783574
0.80924481 -0.43030828 0.00095590949
1.0092773 0.95225871 0.00083297491
1.2093099 0.70989132 7.674098e-05
1.4093424 -3.5422297 0.00084117055
1.609375  -2.8442218 -0.00073984265
1.8094076 1.3349205 -9.8347664e-05
2.0094402 0.96611679 9.3877316e-05
2.2094727 -0.86076558 -0.00044107437
2.4095051 -1.897402 5.4389238e-05
2.6095378 -2.1732597 0.00030249357
2.8095703 0.74576586 0.00069141388
3.0096028 2.6538224 0.00049993396
3.2096355 -1.5432761 -0.0037178397
3.409668  -2.4688988 -0.0077925622
3.6097004 -2.7744472 -0.01059249
3.8097332 -4.1683016 -0.011853129
4.0097656 -5.7339668 -0.014371425
4.2097983 -7.0056319 -0.019801408
4.4098306 -7.1102381 -0.0202097
4.6098633 -8.6759405 -0.02290681
4.809896  -9.8325682 -0.027300417
5.0099282 -10.916106 -0.029759854
5.2099609 -10.978617 -0.03214404
5.4099936 -10.615848 -0.035429001
5.6100259 -11.327044 -0.040721148
5.8100586 -12.937188 -0.040159374
6.0100913 -13.857224 -0.044815242
6.2101235 -14.767014 -0.048395246
6.4101563 -15.675836 -0.049682707
6.610189  -16.997196 -0.053440779
6.8102212 -19.368567 -0.060676038
7.0102539 -23.154169 -0.065580755
7.2102866 -24.907217 -0.072363019
7.4103189 -27.862005 -0.07680282
7.6103516 -27.355402 -0.084204227
7.8103843 -30.305906 -0.091741234
8.010417  -30.365698 -0.10045469
8.2104492 -31.547546 -0.10032877
8.4104815 -32.669456 -0.099481642
8.6105146 -33.680534 -0.1005657
8.8105469 -31.794161 -0.10053515
9.0105791 -30.838512 -0.10341629
9.2106123 -36.786758 -0.10963902
9.4106445 -36.644192 -0.1149632
9.6106768 -39.696171 -0.12018979
9.81071   -40.005779 -0.12344792
10.010742 -41.22805 -0.12807623
10.210774 -43.572971 -0.1356639
10.410808 -44.46104 -0.14048442
10.61084  -46.30629 -0.14358163
10.810872 -47.994293 -0.14720261
11.010905 -48.617012 -0.15375465
11.210938 -52.262321 -0.15979409
11.41097  -52.107834 -0.16841143
11.611003 -55.869259 -0.17480478
11.811035 -57.710148 -0.18248558
12.011067 -59.332176 -0.19166768
12.211101 -64.50515 -0.2000384
12.411133 -65.342339 -0.20885915
12.611165 -65.173805 -0.21003485
12.811198 -65.500328 -0.20929351
13.01123  -67.312943 -0.21241456
13.211263 -65.449364 -0.21562576
13.411296 -67.265594 -0.21970943
13.611328 -70.176498 -0.22526085
13.81136  -72.151978 -0.22960082
14.011394 -69.880638 -0.23137257
14.211426 -72.743111 -0.23577884
14.411458 -77.439468 -0.24171919
14.611491 -77.578056 -0.24880618
14.811523 -77.023354 -0.24973452
15.011556 -78.992058 -0.2502732
15.211589 -80.753975 -0.25341213
15.411621 -77.09317 -0.25778636
15.611653 -80.998466 -0.26001558
15.811687 -82.418251 -0.26570186
16.011719 -84.609612 -0.27382597
16.211752 -87.661186 -0.27843267
16.411783 -86.939072 -0.28069839
16.611816 -87.590515 -0.28032064
16.81185  -85.401123 -0.28269067
17.011881 -87.957939 -0.28894469
17.211914 -89.488625 -0.29465482
17.411947 -90.297646 -0.30032918
17.611979 -94.362946 -0.30104667
17.812012 -92.289001 -0.29949993
18.012045 -93.710869 -0.30000508
18.212076 -96.35154 -0.30485094
18.412109 -95.713882 -0.30794367
18.612143 -100.12988 -0.31018183
18.812174 -96.360107 -0.31066313
19.012207 -95.445625 -0.30973256
19.21224  -94.912315 -0.31038821
19.412271 -97.454636 -0.31067133
19.612305 -95.009689 -0.3138274
19.812338 -96.097885 -0.3185153
20.012369 -99.17099 -0.32450929
20.212402 -102.85471 -0.33162981
20.412436 -102.93446 -0.33004135
20.612467 -104.05835 -0.33105463
20.8125   -100.29312 -0.32996312
21.012533 -101.87525 -0.33068508
21.212564 -101.28539 -0.33065751
21.412598 -103.18801 -0.32950342
21.612631 -102.56696 -0.32952726
21.812662 -102.32925 -0.33044443
22.012695 -101.78663 -0.33038557
22.212729 -99.660233 -0.33141896
22.41276  -101.26266 -0.33020377
22.612793 -100.82763 -0.33088028
22.812826 -100.67947 -0.32997876
23.012857 -101.64369 -0.33001602
23.212891 -102.20084 -0.32971948
23.412924 -101.77747 -0.32931939
23.612955 -100.07419 -0.32990202
23.812988 -103.22079 -0.33054948
24.013021 -101.12234 -0.33063293
24.213053 -102.01104 -0.33033043
24.413086 -102.25088 -0.33088997
24.613119 -99.744087 -0.33007264
24.81315  -101.57793 -0.33126622
25.013184 -102.62505 -0.32991245
25.213217 -101.37827 -0.33009872
25.413248 -100.34792 -0.32991096
25.613281 -102.09952 -0.32944307
25.813314 -100.52093 -0.32905638
26.013346 -99.754669 -0.33039153
26.213379 -101.02656 -0.33006221
26.413412 -101.27157 -0.32918081
26.613443 -99.219421 -0.33024475
26.813477 -100.58124 -0.32963231
27.01351  -101.22705 -0.32865182
27.213541 -103.89734 -0.33144057
27.413574 -100.25323 -0.33104792
27.613607 -99.615753 -0.33070222
27.813639 -100.7314 -0.3299661
28.013672 -98.17701 -0.33065528
28.213705 -101.91172 -0.32983273
28.413736 -99.889595 -0.32991469
28.61377  -100.34185 -0.33065528
28.813803 -99.785217 -0.32929927
29.013834 -101.57797 -0.32994449
29.213867 -99.994911 -0.33038184
29.4139   -102.16064 -0.32971799
29.613932 -100.42586 -0.33001378
29.813965 -98.988266 -0.32957867
30.013998 -103.07338 -0.33055916
30.214029 -100.44005 -0.33015907
30.414063 -103.10568 -0.32939836
30.614096 -103.27943 -0.32932386
30.814127 -102.63692 -0.32931566
31.01416  -100.1161 -0.3299132
31.214193 -99.889076 -0.33019707
31.414225 -101.47099 -0.32992288
31.614258 -100.6338 -0.33036917
31.814291 -99.348572 -0.330244
32.014324 -98.668709 -0.32998845
32.214355 -100.21716 -0.32931492
32.414387 -100.80025 -0.32952577
32.614422 -101.65915 -0.33039376
32.814453 -99.926178 -0.3299132
33.014484 -100.78885 -0.33014044
33.21452  -100.95984 -0.32897964
33.414551 -102.59814 -0.33012107
33.614582 -99.744049 -0.32954365
33.814617 -102.2086 -0.33028796
34.014648 -99.77594 -0.32982975
34.21468  -99.904724 -0.33035725
34.414715 -102.31577 -0.33030808
34.614746 -101.60051 -0.33021197
34.814777 -100.37784 -0.33011138
35.014812 -102.06074 -0.32952353
35.214844 -100.83675 -0.33003017
35.414875 -101.08706 -0.3303878
35.61491  -101.90655 -0.32949969
35.814941 -99.482872 -0.33029318
36.014973 -101.5288 -0.33045113
36.215008 -100.14057 -0.33029765
36.415039 -99.786148 -0.33058599
36.61507  -102.0715 -0.32952353
36.815105 -101.94183 -0.33173338
37.015137 -102.17752 -0.3295593
37.215168 -103.62081 -0.33241734
37.415203 -105.43465 -0.34025609
37.615234 -110.07238 -0.34749359
37.815266 -108.88871 -0.355497
38.015301 -113.16824 -0.35959035
38.215332 -112.61295 -0.36304146
38.415363 -113.18371 -0.36896542
38.615398 -116.26091 -0.37675351
38.81543  -117.72681 -0.38226917
39.015461 -121.5357 -0.38634688
39.215496 -122.7422 -0.39290637
39.415527 -125.44585 -0.40169954
39.615559 -126.99377 -0.40809885
39.815594 -129.56783 -0.41532964
40.015625 -130.86122 -0.42321309
40.215656 -134.43294 -0.43034256
40.415691 -132.57649 -0.43466613
40.615723 -137.10069 -0.43985546
40.815754 -138.6758 -0.4472509
41.015789 -140.69688 -0.4522875
41.21582  -144.09952 -0.45957938
41.415852 -142.31667 -0.46031475
41.615887 -143.96561 -0.46363473
41.815918 -146.72101 -0.46857148
42.015949 -148.0721 -0.47395378
42.215984 -149.78946 -0.4797928
42.416016 -151.28285 -0.4842639
42.616047 -152.50974 -0.48831552
42.816082 -152.98061 -0.49435198
43.016113 -156.56888 -0.49933568
43.216145 -156.56337 -0.50194192
43.41618  -157.48587 -0.50029683
43.616211 -160.09715 -0.50305724
43.816242 -161.38655 -0.50750375
44.016277 -162.89738 -0.51212537
44.216309 -164.11302 -0.51923466
44.41634  -163.23   -0.52571446
44.616375 -165.86526 -0.52991581
44.816406 -167.38928 -0.53073615
45.016438 -168.43486 -0.53422004
45.216473 -169.06154 -0.5389415
45.416504 -168.84587 -0.5429849
45.616535 -172.63028 -0.54820108
45.81657  -174.66264 -0.55197179
46.016602 -177.35582 -0.55771768
46.216633 -176.83774 -0.56090724
46.416668 -176.28181 -0.56123435
46.616699 -177.18556 -0.55977404
46.81673  -177.56253 -0.56028736
47.016766 -180.16774 -0.56490076
47.216797 -183.12413 -0.57177693
47.416828 -183.14682 -0.57728142
47.616863 -184.20132 -0.58153719
47.816895 -186.81206 -0.58889985
48.016926 -186.56346 -0.59028494
48.216961 -186.50078 -0.59046596
48.416992 -188.52371 -0.59294701
48.617023 -190.16579 -0.59515834
48.817059 -190.36133 -0.60120749
49.01709  -192.52539 -0.60555267
49.217121 -195.55353 -0.61028969
49.417156 -191.57056 -0.61096919
49.617188 -195.87952 -0.61048567
49.817219 -192.80913 -0.61175895
50.017254 -196.57823 -0.6167568
50.217285 -198.5267 -0.61895776
50.417316 -197.89897 -0.6207794
50.617352 -195.85519 -0.62022877
50.817383 -196.56587 -0.62097758
51.017414 -197.48003 -0.61962676
51.217449 -198.1492 -0.62174201
51.41748  -199.15862 -0.62369478
51.617512 -197.37437 -0.62837452
51.817547 -200.76576 -0.6289624
52.017578 -199.86722 -0.63099194
52.217609 -201.89658 -0.63066709
52.417645 -200.22852 -0.62914562
52.617676 -200.48253 -0.63216984
52.817707 -201.83804 -0.63566118
53.017742 -202.85345 -0.6417073
53.217773 -206.35008 -0.63946617
53.417805 -205.1387 -0.63942301
53.61784  -202.17673 -0.63921511
53.817871 -203.60172 -0.64158809
54.017902 -201.58696 -0.6413579
54.217937 -202.74982 -0.64018071
54.417969 -203.65221 -0.64009726
54.618    -201.93619 -0.64178777
54.818035 -203.97749 -0.64000338
55.018066 -203.04311 -0.6403625
55.218098 -202.93355 -0.64166415
55.418133 -204.24324 -0.63993561
55.618164 -204.38567 -0.64033717
55.818195 -204.15453 -0.64008462
56.01823  -204.15694 -0.63979697
56.218262 -205.44943 -0.63937902
56.418293 -202.57724 -0.63909221
56.618328 -203.58455 -0.63936114
56.818359 -202.94621 -0.64051521
57.018391 -204.18961 -0.64054799
57.218426 -205.127  -0.63896924
57.418457 -204.40288 -0.64111948
57.618488 -202.59193 -0.64143169
57.818523 -201.17543 -0.64000934
58.018555 -205.12553 -0.64080131
58.218586 -204.7345 -0.64041984
58.418621 -202.1008 -0.64050484
58.618652 -205.25661 -0.63976276
58.818684 -203.98952 -0.63999522
59.018719 -202.41681 -0.63967258
59.21875  -203.45259 -0.64022243
59.418781 -203.43124 -0.64017403
59.618816 -202.08105 -0.63924193
59.818848 -203.41841 -0.64010769
60.018879 -202.46002 -0.63933432
60.218914 -201.47592 -0.64021051
60.418945 -203.95992 -0.64025593
60.618977 -203.36848 -0.63878822
60.819012 -201.81418 -0.64037216
61.019043 -203.87274 -0.63929331
61.219074 -203.28059 -0.64075738
61.419109 -205.739  -0.64015758
61.619141 -203.55664 -0.63926131
61.819172 -201.80038 -0.63953173
62.019207 -202.98692 -0.639727
62.219238 -202.25975 -0.63951612
62.41927  -199.64471 -0.64094293
62.619305 -203.72179 -0.64045936
62.819336 -203.13216 -0.6405257
63.019367 -202.44557 -0.64015615
63.219402 -200.94458 -0.64013827
63.419434 -202.23669 -0.64030063
63.619465 -204.68515 -0.63946319
63.8195   -200.43314 -0.64006376
64.019531 -203.19417 -0.63960403
64.219566 -202.73369 -0.63996911
64.419594 -202.48643 -0.63964725
64.619629 -202.2137 -0.6403811
64.819664 -202.29105 -0.64021498
65.019691 -203.73878 -0.63999367
65.219727 -200.52716 -0.63960481
65.419762 -203.53362 -0.64007789
65.619789 -202.85609 -0.64056665
65.819824 -202.08221 -0.64036918
66.019859 -203.62941 -0.63927621
66.219887 -204.09677 -0.6394431
66.419922 -203.18178 -0.63976198
66.619957 -202.01978 -0.63987225
66.819984 -202.03441 -0.63942301
67.02002  -203.36092 -0.64008385
67.220055 -202.69122 -0.64068884
67.420082 -203.59427 -0.64049888
67.620117 -200.79315 -0.64107478
67.820152 -203.34306 -0.64032972
68.02018  -203.52826 -0.64064562
68.220215 -202.61812 -0.64140785
68.42025  -201.73856 -0.63937676
68.620277 -201.709  -0.64045858
68.820313 -202.94684 -0.64059865
69.020348 -202.86266 -0.63903403
69.220375 -203.63182 -0.63935745
69.42041  -202.34093 -0.63951612
69.620445 -201.67046 -0.63952655
69.820473 -203.13892 -0.63998997
70.020508 -202.87418 -0.63925612
70.220543 -202.37895 -0.63987821
70.42057  -201.56938 -0.64030516
70.620605 -201.3994 -0.63900054
70.820641 -204.55476 -0.63938349
71.020668 -204.89824 -0.6394453
71.220703 -202.36455 -0.64001608
71.420738 -205.49599 -0.64017105
71.620766 -204.26691 -0.64057261
71.820801 -204.61917 -0.64387393
72.020836 -206.8356 -0.64888966
72.220863 -208.15469 -0.65556836
72.420898 -210.33424 -0.66442788
72.620934 -211.14693 -0.66879761
72.820961 -215.96492 -0.67305118
73.020996 -216.93997 -0.68142641
73.221031 -218.93976 -0.68888295
73.421059 -222.92938 -0.69532543
73.621094 -224.37524 -0.70206892
73.821129 -226.58411 -0.70954263
74.021156 -229.18907 -0.71439743
74.221191 -230.78642 -0.72018355
74.421227 -232.78893 -0.72451305
74.621254 -233.56512 -0.72993189
74.821289 -233.46353 -0.73563904
75.021324 -238.4642 -0.7393688
75.221352 -238.04434 -0.74153394
75.421387 -240.8889 -0.74577779
75.621422 -241.83571 -0.75022948
75.821449 -240.7594 -0.75694847
76.021484 -244.44553 -0.76387674
76.221519 -247.04855 -0.77048612
76.421547 -249.40741 -0.7769562
76.621582 -249.97545 -0.77913773
76.821617 -252.03836 -0.78311932
77.021645 -252.66734 -0.78751075
77.22168  -254.60887 -0.79137015
77.421715 -255.99333 -0.79652894
77.621742 -259.07693 -0.80345571
77.821777 -260.23212 -0.81186962
78.021812 -264.14413 -0.81935298
78.22184  -262.35077 -0.82082379
78.421875 -263.52731 -0.82036924
78.62191  -265.2471 -0.82067776
78.821938 -265.46295 -0.82113892
79.021973 -266.35315 -0.82738626
79.222008 -270.71234 -0.8347407
79.422035 -268.07178 -0.83973634
79.62207  -272.0159 -0.84291923
79.822105 -274.64883 -0.84680688
80.022133 -276.27689 -0.85435438
80.222168 -276.94073 -0.86023062
80.422203 -279.08896 -0.86478364
80.622231 -279.69556 -0.86948347
80.822266 -279.72711 -0.87050796
81.022301 -283.79498 -0.87067038
81.222328 -281.44244 -0.86987019
81.422363 -282.10742 -0.87026429
81.622398 -282.12842 -0.87395835
81.822426 -283.88348 -0.87776482
82.022461 -285.854  -0.88405758
82.222496 -286.60117 -0.89028847
82.422523 -288.74475 -0.89001286
82.622559 -289.72668 -0.89083982
82.822594 -289.95526 -0.88908523
83.022621 -288.10385 -0.89013803
83.222656 -289.24066 -0.89031011
83.422691 -289.65997 -0.89686513
83.622719 -292.91956 -0.90340823
83.822754 -294.03058 -0.90865266
84.022789 -295.66217 -0.91076565
84.222816 -294.48633 -0.90935004
84.422852 -294.392  -0.90948045
84.622887 -294.8324 -0.910043
84.822914 -292.66443 -0.91148245
85.022949 -296.67212 -0.91374445
85.222984 -297.27969 -0.91843235
85.423012 -296.07697 -0.91915953
85.623047 -298.80646 -0.92001259
85.823082 -297.82327 -0.91941285
86.023109 -297.60571 -0.919608
86.223145 -297.74857 -0.91967434
86.42318  -298.35495 -0.92049837
86.623207 -298.83984 -0.92128515
86.823242 -296.32358 -0.92029643
87.023277 -297.03903 -0.91973615
87.223305 -298.55368 -0.9199962
87.42334  -298.73129 -0.92363727
87.623375 -300.48978 -0.92726499
87.823402 -299.84412 -0.93068779
88.023438 -300.42874 -0.93003511
88.223473 -302.24966 -0.93014091
88.4235   -302.47409 -0.93058419
88.623535 -300.98764 -0.93058419
88.82357  -301.57346 -0.9300046
89.023598 -300.87051 -0.92930722
89.223633 -299.99164 -0.92969239
89.423668 -299.14734 -0.93008131
89.623695 -298.98401 -0.93080628
89.82373  -302.12778 -0.93107748
90.023766 -301.02191 -0.9299897
90.223793 -302.0737 -0.93127716
90.423828 -299.68011 -0.92987269
90.623863 -300.60757 -0.92990547
90.823891 -301.76474 -0.93145597
91.023926 -300.8147 -0.9298228
91.223961 -301.22119 -0.93045235
91.423988 -301.09134 -0.93116236
91.624023 -299.60098 -0.93080473
91.824059 -297.87045 -0.93074965
92.024086 -298.59442 -0.93046498
92.224121 -301.37149 -0.9289794
92.424156 -301.56183 -0.93026531
92.624184 -300.68915 -0.93009841
92.824219 -298.81146 -0.93026757
93.024254 -300.67709 -0.92982948
93.224281 -302.17053 -0.9302907
93.424316 -301.43317 -0.92969167
93.624352 -299.35349 -0.93101788
93.824379 -301.36298 -0.92970657
94.024414 -302.83945 -0.92939138
94.224449 -299.38217 -0.93014169
94.424477 -299.99536 -0.92977136
94.624512 -300.70288 -0.93042105
94.824547 -298.65863 -0.93051124
95.024574 -300.35156 -0.92992854
95.224609 -300.45132 -0.93018484
95.424644 -301.05722 -0.92971921
95.624672 -300.5871 -0.92975724
95.824707 -300.85089 -0.93093741
96.024742 -300.20941 -0.93017447
96.22477  -300.22141 -0.93035698
96.424805 -300.56107 -0.93076229
96.62484  -299.54675 -0.92953813
96.824867 -300.52948 -0.92987192
97.024902 -300.48471 -0.93001574
97.224937 -300.25583 -0.92932951
97.424965 -297.98669 -0.92982501
97.625    -299.81165 -0.93053055
97.825035 -301.30777 -0.93019903
98.025063 -299.15927 -0.92907399
98.225098 -299.4837 -0.92986524
98.425133 -301.27762 -0.92963725
98.62516  -300.57935 -0.92953444
98.825195 -301.06512 -0.93018115
99.02523  -298.5123 -0.93058717
99.225258 -301.15155 -0.92898309
99.425293 -301.19714 -0.93053353
99.625328 -300.50186 -0.93036443
99.825356 -299.28638 -0.92972147
100.02539 -297.92163 -0.92998374
100.22543 -299.91922 -0.93026531
100.42545 -299.10254 -0.92965066
100.62549 -299.87006 -0.93169284
100.82552 -300.08685 -0.93047768
101.02555 -298.42334 -0.93102157
101.22559 -301.43204 -0.93069375
101.42562 -300.6998 -0.92891008
101.62565 -300.84503 -0.9304896
101.82568 -300.3067 -0.93055892
102.02572 -299.62552 -0.93011707
102.22575 -301.37045 -0.93040019
102.42578 -299.38083 -0.92913735
102.62582 -298.99564 -0.92945921
102.82584 -299.34149 -0.92852116
103.02588 -298.64493 -0.93044043
103.22591 -301.1821 -0.93020052
103.42594 -299.17819 -0.92921406
103.62598 -297.97998 -0.9290092
103.82601 -298.0448 -0.93053877
104.02604 -299.80945 -0.92921925
104.22607 -301.78207 -0.93126148
104.42611 -300.45163 -0.92939663
104.62614 -297.78558 -0.93059015
104.82617 -298.78381 -0.93076676
105.02621 -299.24515 -0.9299047
105.22623 -301.68381 -0.92902482
105.42627 -301.06378 -0.92986077
105.6263  -297.84171 -0.93090165
105.82633 -299.25708 -0.92973709
106.02637 -300.90582 -0.92959929
106.2264  -300.436  -0.9296909
106.42643 -301.11377 -0.93015957
106.62646 -299.72147 -0.9301759
106.8265  -298.25912 -0.93035549
107.02653 -300.73392 -0.93013495
107.22656 -300.64581 -0.93332231
107.4266  -303.39661 -0.93867481
107.62663 -304.67343 -0.94324797
107.82666 -307.33304 -0.94810796
108.0267  -307.84708 -0.95519871
108.22672 -309.96857 -0.95873845
108.42676 -309.66443 -0.96155554
108.62679 -313.67648 -0.96672028
108.82682 -315.19962 -0.97407401
109.02686 -316.8537 -0.98251849
109.22689 -323.59604 -0.98952425
109.42692 -325.28821 -0.99754405
109.62695 -327.28296 -1.0076516
109.82699 -328.79922 -1.0112293
110.02702 -329.53961 -1.0195777
110.22705 -334.41107 -1.02631
110.42709 -336.19147 -1.0344893
110.62711 -338.10284 -1.0408603
110.82715 -339.83749 -1.0503494
111.02718 -338.8801 -1.0527812
111.22721 -344.76517 -1.0560334
111.42725 -345.80838 -1.0619388
111.62728 -349.41333 -1.0691569
111.82731 -346.427  -1.0757558
112.02734 -351.45889 -1.0832124
112.22738 -354.99524 -1.0907576
112.42741 -357.25641 -1.0990351
112.62744 -359.48511 -1.1071063
112.82748 -363.65387 -1.1104815
113.0275  -362.42249 -1.1107459
113.22754 -361.96289 -1.1110812
113.42757 -362.56891 -1.1134453
113.6276  -364.40598 -1.1171803
113.82764 -364.29901 -1.1240542
114.02767 -369.00763 -1.1316948
114.2277  -372.08347 -1.1391736
114.42773 -374.08295 -1.1491925
114.62777 -374.95462 -1.1503078
114.8278  -375.67523 -1.1507124
115.02783 -375.45923 -1.1513398
115.22787 -374.3526 -1.1507168
115.42789 -374.55646 -1.1498027
115.62793 -376.43817 -1.1527135
115.82796 -377.93387 -1.1580758
116.02799 -379.42972 -1.1628836
116.22803 -381.97662 -1.170218
116.42806 -383.51102 -1.1763349
116.62809 -384.92706 -1.1802547
116.82813 -384.19705 -1.1806116
117.02816 -384.13126 -1.1798404
117.22819 -386.38632 -1.1811763
117.42822 -384.70151 -1.1811465
117.62826 -385.04007 -1.1828289
117.82829 -387.69128 -1.1871941
118.02832 -390.88513 -1.1939988
118.22836 -391.06216 -1.1997685
118.42838 -393.28946 -1.200886
118.62842 -392.95407 -1.2007759
118.82845 -395.39056 -1.1994146
119.02848 -391.50821 -1.2011163
119.22852 -392.65436 -1.2019053
119.42855 -392.36609 -1.2065142
119.62858 -396.21326 -1.2111492
119.82861 -395.96695 -1.2088432
120.02865 -395.25668 -1.2097948
120.22868 -396.13892 -1.2124426
120.42871 -397.29791 -1.2164176
120.62875 -401.09845 -1.2210488
120.82877 -399.56723 -1.2213521
121.02881 -400.18039 -1.2270659
121.22884 -403.18329 -1.2298517
121.42887 -400.12048 -1.2304038
121.62891 -400.4379 -1.2296968
121.82894 -402.07474 -1.2293041
122.02897 -400.36816 -1.2294382
122.229   -401.5    -1.2302206
122.42904 -402.75839 -1.2300081
122.62907 -402.31641 -1.2310177
122.8291  -401.26099 -1.2303643
123.02914 -401.40631 -1.2305372
123.22916 -400.20438 -1.2305737
123.4292  -402.88168 -1.2302949
123.62923 -401.80219 -1.2306005
123.82926 -401.81677 -1.2298152
124.0293  -401.27557 -1.2302227
124.22933 -401.37527 -1.2306757
124.42936 -402.41037 -1.2295455
124.62939 -404.06573 -1.2304239
124.82943 -402.22165 -1.2298137
125.02946 -403.53833 -1.2301393
125.22949 -402.83154 -1.2291856
125.42953 -399.36719 -1.2313559
125.62955 -401.35297 -1.230321
125.82959 -401.68655 -1.2298144
126.02962 -401.26917 -1.230418
126.22965 -404.40027 -1.2305975
126.42969 -402.20294 -1.2293503
126.62972 -399.41718 -1.2301415
126.82975 -400.92108 -1.2306161
127.02979 -400.05695 -1.2305372
127.22982 -400.14682 -1.2297786
127.42985 -401.80551 -1.2296773
127.62988 -401.45737 -1.2297981
127.82992 -400.24881 -1.2290671
128.02995 -402.16638 -1.2297779
128.22998 -402.00967 -1.2296901
128.43001 -401.98993 -1.2306564
128.63005 -402.4704 -1.2302674
128.83008 -401.95752 -1.2295716
129.03011 -401.78748 -1.2309923
129.23015 -400.68228 -1.2290761
129.43018 -401.11053 -1.2299583
129.6302  -401.85895 -1.2296066
129.83025 -400.58087 -1.2300656
130.03027 -401.25284 -1.2303598
130.2303  -400.67908 -1.230076
130.43034 -399.19016 -1.2298405
130.63037 -402.48584 -1.2297369
130.8304  -400.92569 -1.2296908
131.03044 -401.33548 -1.2291558
131.23047 -401.96915 -1.2303426
131.4305  -398.94443 -1.2315049
131.63054 -403.13321 -1.2310572
131.83057 -400.33084 -1.2312747
132.03059 -402.65073 -1.2296118
132.23064 -400.86346 -1.2306161
132.43066 -402.28796 -1.230321
132.63069 -400.75449 -1.2298121
132.83073 -400.48199 -1.2295015
133.03076 -399.591  -1.2290313
133.23079 -400.72696 -1.229845
133.43083 -400.36548 -1.231315
133.63086 -403.04633 -1.229912
133.83089 -401.23972 -1.2306608
134.03093 -401.61456 -1.2306548
134.23096 -400.12579 -1.2306571
134.43098 -400.66348 -1.2295604
134.63103 -401.94559 -1.2303069
134.83105 -400.83948 -1.2306578
135.03108 -400.44504 -1.2305654
135.23112 -397.79468 -1.2305365
135.43115 -402.09058 -1.2299739
135.63118 -401.99402 -1.2297839
135.83122 -401.74771 -1.2304015
136.03125 -401.78348 -1.2299731
136.23128 -400.29156 -1.2310505
136.43132 -401.90903 -1.2296468
136.63135 -400.54138 -1.230006
136.83138 -400.79968 -1.2298495
137.03142 -400.85104 -1.2311347
137.23145 -399.85361 -1.2307472
137.43147 -400.59399 -1.2295924
137.63152 -401.1077 -1.2283765
137.83154 -399.84378 -1.2301087
138.03157 -403.48392 -1.2304835
138.23161 -403.84534 -1.2295022
138.43164 -399.83871 -1.2292392
138.63167 -399.60278 -1.2306892
138.83171 -400.89328 -1.2300938
139.03174 -400.1188 -1.2292988
139.23177 -402.33951 -1.2300358
139.43181 -400.83124 -1.2314148
139.63184 -400.70963 -1.2369864
139.83186 -406.24838 -1.2455754
140.03191 -407.95285 -1.2521498
140.23193 -409.50525 -1.2602403
140.43196 -415.9328 -1.2705154
140.632   -421.33127 -1.2806907
140.83203 -424.8808 -1.2879819
141.03206 -422.94589 -1.2961782
141.2321  -425.37015 -1.3024867
141.43213 -429.48154 -1.3109193
141.63216 -430.83432 -1.3191648
141.8322  -431.70181 -1.3208807
142.03223 -433.04282 -1.3246619
142.23225 -436.46771 -1.328028
142.4323  -437.82126 -1.3355389
142.63232 -437.02591 -1.3405495
142.83235 -439.83627 -1.3414733
143.03239 -439.54965 -1.3469524
143.23242 -443.73767 -1.3510503
143.43245 -443.94327 -1.3536022
143.63249 -444.62759 -1.3577945
143.83252 -444.20953 -1.3601214
144.03255 -444.76126 -1.3622806
144.23259 -446.84799 -1.3659723
144.43262 -450.89838 -1.3704054
144.63264 -448.75   -1.3699763
144.83269 -447.10327 -1.3710797
145.03271 -447.77286 -1.3707645
145.23274 -448.13242 -1.3703339
145.43279 -447.57675 -1.3691738
145.63281 -449.3006 -1.3712451
145.83284 -448.84811 -1.3760544
146.03288 -454.0546 -1.3834848
146.23291 -457.1825 -1.3910353
146.43294 -458.51337 -1.4004581
146.63298 -461.53125 -1.4091299
146.83301 -465.95825 -1.4165595
147.03304 -466.38553 -1.4202304
147.23308 -467.92496 -1.4206886
147.43311 -464.74051 -1.4195516
147.63313 -466.08444 -1.420258
147.83318 -465.71713 -1.4203883
148.0332  -468.56491 -1.4254957
148.23323 -471.26782 -1.4280663
148.43327 -470.61371 -1.4299952
148.6333  -469.586  -1.4322348
148.83333 -470.46762 -1.4352486
149.03337 -469.91113 -1.4414475
149.2334  -476.27728 -1.4473684
149.43343 -477.7525 -1.4557526
149.63347 -479.88144 -1.4666088
149.8335  -483.08102 -1.4702998
150.03352 -482.03867 -1.470638
150.23357 -481.59082 -1.4700867
150.43359 -481.85889 -1.4711953
150.63362 -480.18826 -1.4703654
150.83366 -481.74207 -1.471065
151.03369 -482.43182 -1.4709748
151.23372 -481.41968 -1.4734633
151.43376 -484.23956 -1.4793538
151.63379 -486.82837 -1.485718
151.83382 -490.8472 -1.4910817
152.03386 -490.87079 -1.4980055
152.23389 -491.526  -1.4995813
152.43391 -492.21487 -1.5009179
152.63396 -491.85129 -1.5007228
152.83398 -492.60843 -1.5014596
153.03401 -491.46701 -1.5007995
153.23405 -491.92252 -1.5053213
153.43408 -495.29108 -1.5080764
153.63411 -494.11353 -1.5104637
153.83415 -493.58102 -1.5099361
154.03418 -493.91168 -1.5098467
154.23421 -495.51425 -1.5105658
154.43425 -497.23755 -1.5109293
154.63428 -496.46588 -1.5165932
154.8343  -498.14908 -1.5191615
155.03435 -497.55301 -1.5206099
155.23438 -498.28235 -1.5208423
155.4344  -499.40762 -1.5208662
155.63445 -499.28156 -1.5199437
155.83447 -497.67148 -1.5193992
156.0345  -497.56122 -1.5205748
156.23454 -498.11777 -1.5207231
156.43457 -499.5538 -1.5235513
156.6346  -498.23148 -1.5270367
156.83464 -502.81061 -1.5303724
157.03467 -500.38791 -1.5295237
157.2347  -503.63428 -1.5300825
157.43474 -500.83887 -1.5299522
157.63477 -502.13773 -1.5302979
157.83479 -502.19006 -1.5306168
158.03484 -499.68872 -1.5309848
158.23486 -499.97803 -1.5306436
158.43489 -502.48254 -1.5296512
158.63493 -501.26309 -1.5286789
158.83496 -503.00818 -1.5296803
159.03499 -499.83112 -1.5303522
159.23503 -501.53333 -1.5290939
159.43506 -500.99756 -1.5297294
159.63509 -501.38605 -1.5307866
159.83513 -502.88635 -1.5305684
160.03516 -500.67984 -1.5295579
160.23518 -501.53445 -1.5303932
160.43523 -499.93124 -1.5299931
160.63525 -499.8353 -1.5297436
160.83528 -499.81979 -1.5307055
161.03532 -499.41223 -1.5305251
161.23535 -500.65231 -1.5295215
161.43538 -500.1799 -1.5311227
161.63542 -501.64496 -1.5304469
161.83545 -500.79559 -1.5294611
162.03548 -500.30356 -1.5300132
162.23552 -502.52933 -1.5306368
162.43555 -500.35638 -1.530277
162.63557 -499.85278 -1.5303731
162.83562 -500.08212 -1.5289433
163.03564 -502.99103 -1.5304767
163.23567 -503.44742 -1.5302956
163.43571 -500.25153 -1.530876
163.63574 -501.30283 -1.529038
163.83577 -499.78378 -1.5311502
164.03581 -501.65884 -1.5294507
164.23584 -501.78839 -1.5299231
164.43587 -501.21671 -1.5315249
164.63591 -502.1394 -1.5297264
164.83594 -501.17706 -1.5299425
165.03596 -501.89127 -1.5293374
165.23601 -501.08261 -1.5300244
165.43604 -500.79276 -1.5310347
165.63606 -499.04678 -1.5305951
165.83611 -502.79666 -1.5303612
166.03613 -497.27979 -1.5302427
166.23616 -499.7338 -1.5301778
166.4362  -502.8746 -1.5304893
166.63623 -500.81277 -1.5294559
166.83626 -500.61505 -1.5306592
167.0363  -500.27972 -1.5294038
167.23633 -501.53976 -1.5301443
167.43636 -500.08829 -1.5304341
167.6364  -502.04523 -1.5303105
167.83643 -502.65228 -1.530163
168.03645 -499.94598 -1.5305712
168.2365  -497.3598 -1.5294164
168.43652 -500.54181 -1.5299246
168.63655 -499.96835 -1.5310056
168.83659 -500.63718 -1.5310161
169.03662 -500.51285 -1.5294873
169.23665 -500.53049 -1.5299485
169.43669 -499.30539 -1.5295134
169.63672 -500.66656 -1.5292115
169.83675 -497.49222 -1.5309714
170.03679 -500.18417 -1.5295222
170.23682 -499.96835 -1.5296466
170.43684 -501.11063 -1.5294619
170.63689 -500.3432 -1.5294105
170.83691 -500.70517 -1.5293204
171.03694 -499.48465 -1.5296056
171.23698 -500.09363 -1.5302911
171.43701 -500.25601 -1.5299283
171.63704 -502.10254 -1.5307866
171.83708 -499.62741 -1.5300467
172.03711 -498.62091 -1.530338
172.23714 -501.53708 -1.5295372
172.43718 -501.45633 -1.530122
172.63721 -500.51581 -1.5301727
172.83723 -499.32285 -1.5292108
173.03728 -500.70273 -1.5291966
173.2373  -501.76852 -1.530242
173.43733 -501.0878 -1.5297413
173.63737 -500.14441 -1.5294306
173.8374  -500.97037 -1.5298575
174.03743 -500.78595 -1.5309952
174.23747 -500.66901 -1.5307233
174.4375  -500.16141 -1.5308417
174.63753 -500.88071 -1.5307889
174.83757 -500.39728 -1.5300602
175.0376  -500.37073 -1.5293837
175.23763 -500.17511 -1.5302241
175.43767 -500.66043 -1.5287668
175.6377  -500.21249 -1.5298105
175.83772 -500.05292 -1.5297182
176.03777 -499.81387 -1.5255302
176.23779 -497.06461 -1.5185558
176.43782 -493.26089 -1.5102841
176.63786 -490.19504 -1.5010275
176.83789 -487.82248 -1.4948272
177.03792 -485.21417 -1.4860988
177.23796 -478.73544 -1.4777802
177.43799 -475.32184 -1.4663279
177.63802 -476.61124 -1.4570758
177.83806 -472.51465 -1.449433
178.03809 -469.543  -1.4458627
178.23811 -467.27942 -1.4393463
178.43816 -465.85443 -1.4309042
178.63818 -462.98145 -1.4223874
178.83821 -457.45926 -1.4137894
179.03825 -454.6268 -1.4054656
179.23828 -451.20267 -1.3957955
179.43831 -450.1908 -1.3864994
179.63835 -447.15109 -1.3782673
179.83838 -441.27765 -1.3683319
180.03841 -440.15469 -1.3600283
180.23845 -437.19974 -1.3502039
180.43848 -433.17917 -1.3412148
180.6385  -428.36441 -1.3315648
180.83855 -426.41763 -1.3226688
181.03857 -422.48788 -1.3137423
181.2386  -418.62515 -1.3036363
181.43864 -415.83392 -1.2948848
181.63867 -413.17734 -1.2849725
181.8387  -411.54202 -1.275292
182.03874 -407.6976 -1.265844
182.23877 -405.53955 -1.2575381
182.4388  -400.6785 -1.2472644
182.63884 -396.52588 -1.2377448
182.83887 -395.88007 -1.2284875
183.03889 -388.89679 -1.2181573
183.23894 -388.58954 -1.2087703
183.43896 -384.08112 -1.1992202
183.63899 -381.32043 -1.1904128
183.83904 -376.27261 -1.1816829
184.03906 -373.9473 -1.1725142
184.23909 -371.61346 -1.1634223
184.43913 -367.40247 -1.1554718
184.63916 -364.48975 -1.1465535
184.83919 -359.81442 -1.1378698
185.03923 -358.80063 -1.1290945
185.23926 -356.65454 -1.1212565
185.43929 -352.91653 -1.1123538
185.63933 -350.3667 -1.1055268
185.83936 -346.40494 -1.0964066
186.03938 -344.14899 -1.0878288
186.23943 -342.05777 -1.0795087
186.43945 -338.61395 -1.0714121
186.63948 -336.48236 -1.0627315
186.83952 -332.88385 -1.0548398
187.03955 -328.85355 -1.0452018
187.23958 -328.44516 -1.0365642
187.43962 -322.47974 -1.0275192
187.63965 -321.15292 -1.0186404
187.83968 -318.32678 -1.0120988
188.03972 -314.19504 -1.0032594
188.23975 -313.16815 -0.99498481
188.43977 -309.28384 -0.98623562
188.63982 -306.73038 -0.97794682
188.83984 -303.07095 -0.96825361
189.03987 -297.86499 -0.9601444
189.23991 -296.68915 -0.95146894
189.43994 -293.98489 -0.9421252
189.63997 -290.44556 -0.93385428
189.84001 -286.46152 -0.92366338
190.04004 -283.61273 -0.91809404
190.24007 -280.12576 -0.90930235
190.44011 -276.61887 -0.90078485
190.64014 -276.19827 -0.89205575
190.84016 -272.13293 -0.88268447
191.04021 -269.35074 -0.87390018
191.24023 -268.24368 -0.86653459
191.44026 -263.44705 -0.85927773
191.6403  -261.13632 -0.84883046
191.84033 -256.66919 -0.84156024
192.04036 -253.12427 -0.83387494
192.2404  -250.39288 -0.82481873
192.44043 -248.7534 -0.81772137
192.64046 -246.68825 -0.80903995
192.8405  -242.17534 -0.80123246
193.04053 -241.07205 -0.79234612
193.24055 -237.26859 -0.78490007
193.4406  -235.49677 -0.77586621
193.64063 -230.06973 -0.76790822
193.84065 -228.71581 -0.75919181
194.0407  -225.92767 -0.75265616
194.24072 -221.74301 -0.74543804
194.44075 -219.70746 -0.73654652
194.64079 -217.03186 -0.72899908
194.84082 -215.80115 -0.72930527
195.04085 -217.04845 -0.72879124
195.24089 -214.62076 -0.72765422
195.44092 -216.23485 -0.72419643
195.64095 -213.30493 -0.71864653
195.84099 -209.56099 -0.71087033
196.04102 -208.15707 -0.70386082
196.24104 -206.85927 -0.69648921
196.44109 -203.99644 -0.68818927
196.64111 -200.39626 -0.68033636
196.84114 -197.66115 -0.6725632
197.04118 -191.75932 -0.66310316
197.24121 -192.466  -0.6541543
197.44124 -188.40117 -0.64848065
197.64128 -187.12994 -0.64002126
197.84131 -183.14742 -0.63231659
198.04134 -182.39496 -0.62777925
198.24138 -177.56812 -0.62030482
198.44141 -177.91376 -0.61387569
198.64143 -172.58585 -0.60628951
198.84148 -169.76904 -0.59760737
199.0415  -168.73199 -0.59180558
199.24153 -167.101  -0.58553368
199.44157 -165.2242 -0.57808387
199.6416  -163.91936 -0.57003498
199.84163 -156.73682 -0.56391358
200.04167 -157.68938 -0.55552197
200.2417  -153.095  -0.55012554
200.44173 -153.47853 -0.5441494
200.64177 -147.98943 -0.53816807
200.8418  -146.56108 -0.53279328
201.04182 -146.48088 -0.52871633
201.24187 -145.21346 -0.52331161
201.44189 -142.87608 -0.51962733
201.64192 -139.92163 -0.5138278
201.84196 -138.55058 -0.50725412
202.04199 -135.80956 -0.50176829
202.24202 -133.81783 -0.4967764
202.44206 -132.2836 -0.49240291
202.64209 -132.10493 -0.4860945
202.84212 -129.67921 -0.47970042
203.04216 -124.73862 -0.47384724
203.24219 -123.98254 -0.4688777
203.44221 -121.60819 -0.46000108
203.64226 -120.04387 -0.45261458
203.84229 -117.32809 -0.44486523
204.04231 -113.46012 -0.43820217
204.24236 -110.97063 -0.42902902
204.44238 -109.23684 -0.42118803
204.64241 -104.16947 -0.41309819
204.84245 -101.02567 -0.40602982
205.04248 -98.274353 -0.39913356
205.24251 -97.257011 -0.39069504
205.44255 -96.229538 -0.38969591
205.64258 -96.915665 -0.38914084
205.84261 -95.084351 -0.38481802
206.04265 -95.201988 -0.37798285
206.24268 -90.863739 -0.37199035
206.4427  -88.729446 -0.36458746
206.64275 -86.386353 -0.3576301
206.84277 -83.808113 -0.35145059
207.0428  -81.561317 -0.34447685
207.24284 -82.559959 -0.33647791
207.44287 -75.621605 -0.33074841
207.6429  -74.067596 -0.32325238
207.84294 -69.608017 -0.31488836
208.04297 -71.053093 -0.30861422
208.243   -66.075737 -0.29983371
208.44304 -61.892906 -0.2924487
208.64307 -61.987041 -0.28635785
208.84309 -59.615971 -0.27686134
209.04314 -56.019909 -0.2708897
209.24316 -50.665924 -0.26465803
209.44319 -50.964951 -0.2547957
209.64323 -48.897377 -0.25004596
209.84326 -47.076046 -0.24192408
210.04329 -44.101254 -0.23494959
210.24333 -40.482098 -0.22969097
210.44336 -39.599201 -0.22462085
210.64339 -39.006321 -0.21937117
210.84343 -38.260818 -0.22000596
211.04346 -38.793198 -0.21919385
211.24348 -39.459244 -0.21958426
211.44353 -36.100185 -0.21939427
211.64355 -40.38308 -0.21768734
211.84358 -37.279613 -0.21433458
212.04362 -35.325958 -0.20719022
212.24365 -32.528973 -0.20107701
212.44368 -31.222589 -0.19631535
212.64372 -29.117874 -0.18845201
212.84375 -23.525097 -0.18108562
213.04378 -23.530014 -0.17897114
213.24382 -25.601051 -0.17940328
213.44385 -26.849695 -0.17986596
213.64388 -27.216785 -0.17903745
213.84392 -26.573204 -0.17931536
214.04395 -26.245564 -0.17965287
214.24397 -21.374077 -0.17549098
214.44402 -19.571968 -0.17075166
214.64404 -22.609159 -0.16968548
214.84407 -21.368116 -0.16931221
215.04411 -22.664032 -0.17020926
215.24414 -20.733326 -0.16930252
215.44417 -21.263697 -0.17067418
215.64421 -21.099709 -0.16611964
215.84424 -18.530487 -0.15994087
216.04427 -14.689416 -0.15498772
216.24431 -17.004013 -0.14795512
216.44434 -14.267564 -0.14198124
216.64436 -11.92037 -0.13604313
216.84441 -9.908639 -0.13121143
217.04443 -7.491559 -0.12487173
217.24446 -3.6913528 -0.119441
217.4445  -0.7712096 -0.11165887
217.64453 -0.41585416 -0.11053011
217.84456 -5.1517038 -0.10896176
218.0446  0.63065439 -0.10918155
218.24463 -2.8512254 -0.10953248
218.44466 -2.9454753 -0.10909289
218.6447  -4.2467566 -0.11042953
218.84473 -0.78078359 -0.10967702
219.04475 -2.1343305 -0.10965168
219.2448  -0.56598336 -0.10936484
219.44482 -1.8348172 -0.10892227
219.64485 0.78760087 -0.11045709
219.84489 -2.7136505 -0.10921434
220.04492 -2.372004 -0.10921657
220.24495 -2.8527527 -0.11062622
220.44499 -0.32383949 -0.10974556
220.64502 -2.2734702 -0.11026412
220.84505 -3.288053 -0.10967627
221.04509 -0.67505985 -0.10993257
221.24512 -0.51319599 -0.10941029
221.44514 -0.84936619 -0.10939166
221.64519 -1.7315894 -0.11035576
221.84521 -2.7608871 -0.10975003
222.04524 -2.9834733 -0.11002272
222.24529 -3.6846101 -0.1092121
222.44531 -1.9192324 -0.11019483
222.64534 -3.1664968 -0.10933727
222.84538 -4.0422754 -0.10910034
223.04541 -2.2661686 -0.11033341
223.24544 -3.3583119 -0.1089789
223.44548 -3.2273307 -0.11024922
223.64551 -2.8678775 -0.10831282
223.84554 -0.91839582 -0.10954738
224.04558 -2.4683402 -0.11001751
224.24561 -2.1428988 -0.10785088
224.44563 0.11835247 -0.10225773
224.64568 2.3565814 -0.098672509
224.8457  -3.1953306 -0.10075718
225.04573 2.5304034 -0.10022521
225.24577 0.40885061 -0.10036975
225.4458  -0.99256635 -0.099848211
225.64583 3.1008573 -0.099362433
225.84587 2.5526807 -0.099343061
226.0459  1.4185534 -0.099956989
226.24593 -0.1616776 -0.099518895
226.44597 1.0691955 -0.1007989
226.646   2.1962075 -0.099986047
226.84602 2.1481142 -0.099820644
227.04607 -0.75552613 -0.099413097
227.24609 -0.96037984 -0.099211931
227.44612 -0.26993454 -0.099292397
227.64616 1.0033697 -0.099781156
227.84619 1.6833097 -0.10051578
228.04622 0.74792653 -0.098673999
228.24626 -1.1663511 -0.10023564
228.44629 -0.29802322 -0.099704415
228.64632 0.0089034438 -0.10025948
228.84636 -1.4809892 -0.099912286
229.04639 -0.6691739 -0.10069981
229.24641 -0.085607171 -0.099514425
229.44646 2.2369251 -0.099088252
229.64648 -1.6817451 -0.098729879
229.84651 -0.70355833 -0.099769235
230.04655 0.2264604 -0.1011014
230.24658 0.32003969 -0.099942088
230.44661 0.80931932 -0.099424273
230.64665 0.90088695 -0.099229813
230.84668 3.4005568 -0.10024607
231.04671 -0.016018748 -0.099363923
231.24675 1.3908372 -0.10069311
231.44678 2.4347754 -0.099817663
231.6468  -1.1986122 -0.099825859
231.84685 0.76517463 -0.10157302
232.04688 0.91638416 -0.099992007
232.2469  -0.41302294 -0.10038093
232.44695 -0.75098127 -0.099541247
232.64697 -1.6054511 -0.10029078
232.847   0.95997006 -0.099611282
233.04704 -0.88192523 -0.10014698
233.24707 -1.4252589 -0.099384785
233.4471  -0.45906752 -0.099685788
233.64714 3.9353967 -0.10019615
233.84717 0.33784658 -0.099524111
234.0472  1.539588  -0.10024011
234.24724 0.76241791 -0.099667162
234.44727 -0.80525875 -0.099979341
234.64729 0.96257776 -0.10088384
234.84734 0.2687797 -0.09964779
235.04736 0.44774264 -0.10116622
235.24739 0.56248158 -0.099794567
235.44743 1.9094348 -0.10002181
235.64746 4.2618065 -0.099813193
235.84749 1.5201793 -0.10047629
236.04753 0.3625825 -0.099785626
236.24756 2.3915246 -0.099141151
236.44759 -0.28893352 -0.099314004
236.64763 2.3735688 -0.10019615
236.84766 -2.0182133 -0.10146648
237.04768 0.61161816 -0.10074377
237.24773 -1.4599786 -0.10125265
237.44775 2.5207176 -0.10070503
237.64778 0.80674887 -0.099561363
237.84782 0.67487359 -0.10088608
238.04785 1.281239  -0.099331141
238.24788 0.36880374 -0.099691749
238.44792 0.25622547 -0.098791718
238.64795 1.5494227 -0.099857897
238.84798 0.5293265 -0.10084584
239.04802 0.95039606 -0.09957701
239.24805 -1.1702254 -0.10057986
239.44807 0.95382333 -0.1014635
239.64812 0.87797642 -0.099878013
239.84814 0.93374401 -0.099936128
240.04817 1.5799329 -0.099185109
240.24821 -2.8810649 -0.099846721
240.44824 -0.51639974 -0.099950284
240.64827 1.2079999 -0.10058135
240.84831 1.9304454 -0.10055825
241.04834 -0.32156706 -0.10059476
241.24837 -0.79806894 -0.10047853
241.44841 -0.065863132 -0.099882483
241.64844 2.3054705 -0.10097325
241.84846 0.45295805 -0.10002553
242.04851 0.26348978 -0.099667162
242.24854 -1.268424 -0.099661201
242.44856 2.243854  -0.099230558
242.64861 2.044663  -0.10061711
242.84863 -0.047311187 -0.10079592
243.04866 0.97293407 -0.098954886
243.2487  0.071078539 -0.099273771
243.44873 1.0275841 -0.10005832
243.64876 -0.92174858 -0.098783523
243.8488  0.39041042 -0.099921227
244.04883 -0.53029507 -0.099521875
244.24886 3.5654008 -0.10024384
244.4489  -0.16897917 -0.10017008
244.64893 0.68094581 -0.098843873
244.84895 1.5116483 -0.099916011
245.049   0.47679991 -0.099566579
245.24902 2.4275854 -0.098951906
245.44905 1.3752282 -0.10082349
245.64909 1.4667958 -0.10013282
245.84912 0.76320022 -0.10058433
246.04915 0.52802265 -0.10024384
246.24919 1.1266768 -0.09964779
246.44922 -0.169985 -0.099600106
246.64925 0.96734613 -0.098384172
246.84929 -0.96701086 -0.1002565
247.04932 -1.9454211 -0.10058582
247.24934 1.0099262 -0.098928064
247.44939 2.8892233 -0.10133013
247.64941 -0.40374696 -0.10074005
247.84944 0.24270266 -0.098597258
248.04948 -0.15325844 -0.10042861
248.24951 0.07878989 -0.099834055
248.44954 1.9935145 -0.10129362
248.64958 1.0504574 -0.10092333
248.84961 -2.3230538 -0.10117069
249.04964 -0.83159655 -0.099594146
249.24968 0.92163682 -0.10056049
249.44971 0.63300133 -0.10071993
249.64973 0.98854303 -0.10012984
249.84978 2.4021416 -0.10005087
250.0498  -1.5983731 -0.099822134
250.24983 0.12930483 -0.100106
250.44987 -0.12028962 -0.099483877
250.6499  -0.019967556 -0.10098666
250.84993 0.37331134 -0.099867582
251.04997 0.63877553 -0.099152327
251.25    1.1631846 -0.10053664
251.45003 -0.014938414 -0.099892169
251.65007 -0.54236501 -0.10103434
251.8501  0.48127025 -0.099124759
252.05013 -1.0949745 -0.10048449
252.25017 -0.33125281 -0.10030791
252.4502  0.80291182 -0.10167956
252.65022 1.5246496 -0.10089129
252.85027 1.4735758 -0.099660456
253.05029 -0.11414289 -0.10086522
253.25032 1.4574826 -0.1008302
253.45036 -1.5569851 -0.09996593
253.65039 -1.0101497 -0.10030791
253.85042 -0.20127743 -0.099957734
254.05046 0.93586743 -0.099711865
254.25049 -0.44293702 -0.099786371
254.45052 2.0924954 -0.10044798
254.65056 1.0958686 -0.10063499
254.85059 -1.2472272 -0.10049939
255.05061 0.26807189 -0.10107011
255.25066 0.69495291 -0.09977296
255.45068 3.7859752 -0.10061711
255.65071 0.17561018 -0.10057539
255.85075 -0.92253089 -0.099410862
256.05078 -0.70843846 -0.10039657
256.25082 3.0060112 -0.099879503
256.45084 0.81926584 -0.099540502
256.65088 2.2951512 -0.10026544
256.85092 -1.5753136 -0.099898875
257.05093 0.67457557 -0.10038838
257.25098 -0.55614859 -0.099439174
257.45102 -0.0088661909 -0.10013953
257.65103 0.17277896 -0.10072961
257.85107 0.51289797 -0.10081977
258.05112 1.4503672 -0.099525601
258.25113 1.2001767 -0.10017231
258.45117 0.11343509 -0.1002878
258.65121 0.78998506 -0.099747628
258.85123 -0.30118972 -0.099673867
259.05127 0.75772405 -0.10116398
259.25131 -1.8913672 -0.10084733
259.45132 -0.17791986 -0.099708885
259.65137 -0.086650252 -0.10062978
259.85141 0.0058114529 -0.10068342
260.05142 -0.071041286 -0.10060519
260.25146 -0.25127083 -0.099758804
260.45151 1.2131407 -0.10089576
260.65152 3.3479185 -0.099877268
260.85156 -1.4603138 -0.098612905
261.05161 2.1342561 -0.10105148
261.25162 2.0838156 -0.099974871
261.45166 1.3961643 -0.10037124
261.6517  -1.9995123 -0.098952651
261.85172 -2.0037591 -0.10026395
262.05176 0.27664006 -0.10072365
262.2518  0.89421868 -0.099608302
262.45181 -0.64205378 -0.099050999
262.65186 0.43410808 -0.10013506
262.8519  -0.22683293 -0.10096952
263.05191 0.15452504 -0.10172799
263.25195 2.5183334 -0.09913519
263.452   -0.4882738 -0.099048018
263.65201 0.98973513 -0.099984556
263.85205 -0.29683113 -0.10124892
264.05209 0.1502037 -0.1005277
264.25211 1.4458597 -0.10034591
264.45215 1.1859834 -0.10011047
264.65219 0.6294623 -0.10032654
264.8522  0.32581389 -0.10063946
265.05225 1.9948556 -0.099807978
265.25229 0.58405101 -0.099299103
265.4523  -0.96168369 -0.099661946
265.65234 -0.68288296 -0.098849833
265.85239 -1.8677115 -0.099390745
266.0524  1.931712  -0.099921227
266.25244 -1.504384 -0.099757314
266.45248 1.0507554 -0.10060668
266.6525  -1.4445931 -0.099918246
266.85254 0.14338642 -0.10027885
267.05258 1.5143305 -0.099291652
267.25259 -0.024400651 -0.10068268
267.45264 -0.30491501 -0.10049343
267.65268 -0.67323446 -0.10039285
267.85269 0.28789043 -0.099561363
268.05273 -1.3855472 -0.1008682
268.25278 1.1799858 -0.099790096
268.45279 -1.6935915 -0.10024682
268.65283 -0.88546425 -0.10049269
268.85287 0.033602118 -0.10033697
269.05289 0.75556338 -0.10039136
269.25293 0.9328872 -0.10028854
269.45297 0.053904951 -0.10050833
269.65298 -0.33404678 -0.10022894
269.85303 0.7621944 -0.099898875
270.05307 0.59705228 -0.099745393
270.25308 3.0900538 -0.10033473
270.45313 -1.5402958 -0.10099709
270.65317 -1.0548904 -0.099792331
270.85318 -2.3140759 -0.099958479
271.05322 0.40337443 -0.099986792
271.25327 1.007691  -0.10172427
271.45328 -0.67736953 -0.10051057
271.65332 1.6989559 -0.1007773
271.85336 -1.8751993 -0.10103956
272.05338 -0.0074505806 -0.10103136
272.25342 1.9278377 -0.10123104
272.45346 -1.6413629 -0.10071099
272.65347 2.7113409 -0.09938702
272.85352 -0.58863312 -0.10000095
273.05356 -2.1782517 -0.099764019
273.25357 1.5044957 -0.098993629
273.45361 -0.15579164 -0.10006651
273.65366 -0.67859888 -0.099311769
273.85367 1.4131889 -0.10061637
274.05371 -0.78052282 -0.10058656
274.25375 -2.9602275 -0.10040328
274.45377 -0.38530678 -0.10053068
274.65381 0.76193362 -0.099501759
274.85385 1.3656542 -0.10003746
275.05386 2.1029637 -0.10066107
275.25391 1.054667  -0.10043755
275.45395 0.31232834 -0.099291652
275.65396 1.1510402 -0.099027902
275.854   0.24173409 -0.10031164
276.05405 -1.0516121 -0.10045543
276.25406 -1.4162064 -0.099995732
276.4541  0.57827681 -0.099018961
276.65414 0.86337328 -0.10095984
276.85416 -0.65691769 -0.10019168
277.0542  0.16778708 -0.099926442
277.25424 -0.13101846 -0.1006186
277.45425 0.80544502 -0.099673867
277.6543  0.17829239 -0.099973381
277.85434 -1.3754517 -0.10025948
278.05435 -0.7769838 -0.10047629
278.25439 1.2552366 -0.099889189
278.45444 -0.73313713 -0.099574775
278.65445 -0.69048256 -0.10014623
278.85449 -0.94935298 -0.099930167
279.05453 -0.90062618 -0.10111332
279.25455 -0.63855201 -0.099502504
279.45459 -1.8261373 -0.099637359
279.65463 -3.1917915 -0.099791586
279.85464 2.3807585 -0.10021254
280.05469 2.9435382 -0.099341571
280.25473 -1.5316159 -0.10071844
280.45474 -0.59999526 -0.099971145
280.65479 0.38657337 -0.10026991
280.85483 2.3053215 -0.10065958
281.05484 1.1235104 -0.1001142
281.25488 0.16551465 -0.099857897
281.45493 -2.3671613 -0.099220127
281.65494 1.8878653 -0.099616498
281.85498 0.72274357 -0.099851191
282.05502 -3.128685 -0.10103434
282.25504 -1.8428266 -0.10054633
282.45508 0.32991171 -0.099723786
282.65512 0.91474503 -0.10175034
282.85513 -1.1252612 -0.10007471
283.05518 1.2792647 -0.10075793
283.25522 -0.80253929 -0.099455565
283.45523 1.4744327 -0.10022968
283.65527 -0.80503523 -0.099872798
283.85532 -1.0514259 -0.099949539
284.05533 0.46283007 -0.099658221
284.25537 -2.4060905 -0.099746138
284.45541 -2.1240115 -0.099276751
284.65543 -1.8115342 -0.099291652
284.85547 -2.6210771 -0.099942088
285.05551 1.4330075 -0.10009259
285.25552 -1.6671419 -0.10032505
285.45557 -2.060607 -0.09906888
285.65561 -0.82243234 -0.10077879
285.85562 -0.41566789 -0.10071769
286.05566 -0.15892088 -0.10037646
286.25571 0.27418137 -0.10003969
286.45572 -0.63572079 -0.098953396
286.65576 1.9422919 -0.10051429
286.8558  1.5294924 -0.10078028
287.05582 -1.1565536 -0.10076091
287.25586 0.048317015 -0.10140166
287.4559  -1.0440499 -0.10033324
287.65591 -2.9698758 -0.10056272
287.85596 -1.5282631 -0.1008369
288.056   -1.7205253 -0.10085478
288.25601 1.0778382 -0.10060966
288.45605 1.3179332 -0.1010254
288.6561  2.8626621 -0.10056421
288.85611 -2.7228146 -0.10017455
289.05615 -0.59049577 -0.099112093
289.2562  0.55365264 -0.099468231
289.45621 -1.5038997 -0.10152385
289.65625 -0.41350722 -0.1002647
289.85629 -1.1537969 -0.10161549
290.0563  0.49706548 -0.099325925
290.25635 -0.31720847 -0.10021701
290.45639 1.1337922 -0.1005061
290.6564  -1.3326108 -0.10092258
290.85645 -1.5351921 -0.10112301
291.05649 -2.6552379 -0.10033622
291.2565  1.7381459 -0.099657476
291.45654 -3.0731411 -0.099473447
291.65659 -0.52593648 -0.10056496
291.8566  -0.46461821 -0.099759549
292.05664 0.5447492 -0.10054633
292.25668 1.5239789 -0.099594146
292.4567  -1.8799305 -0.10030717
292.65674 -1.5461073 -0.10110512
292.85678 -1.5752017 -0.099629909
293.05679 0.82597136 -0.099765509
293.25684 -0.030249357 -0.10032952
293.45688 -0.74055046 -0.10012984
293.65689 -1.7146394 -0.099524856
293.85693 -2.800338 -0.099808723
294.05698 0.09726733 -0.10039881
294.25699 0.33315271 -0.10011122
294.45703 -1.665987 -0.099165738
294.65707 -0.40642917 -0.099881738
294.85709 -0.088624656 -0.099685043
295.05713 -1.0895729 -0.1002349
295.25717 -0.51673502 -0.10080412
295.45718 -2.0027905 -0.099331141
295.65723 0.10371208 -0.10105222
295.85727 1.1022389 -0.10167137
296.05728 1.3299286 -0.099913031
296.25732 0.60822815 -0.10028109
296.45737 -1.7705188 -0.099219382
296.65738 -1.2353808 -0.10102689
296.85742 1.1780486 -0.10166243
297.05746 -0.76007098 -0.10112971
297.25748 -1.0981411 -0.10034442
297.45752 -1.6398728 -0.099848211
297.65756 0.62085688 -0.10048375
297.85757 2.1721423 -0.10066554
298.05762 -1.5564263 -0.10022596
298.25766 0.25771558 -0.099750608
298.45767 1.1221319 -0.099548697
298.65771 -0.30968338 -0.099377334
298.85776 0.044591725 -0.099550933
299.05777 -1.3330951 -0.099749118
299.25781 1.9486248 -0.10009781
299.45786 -0.76428056 -0.10082126
299.65787 0.10725111 -0.10005087
299.85791 1.1507795 -0.099941343
300.05795 1.4510751 -0.099375099
300.25797 0.18898398 -0.098498166
300.45801 1.7150491 -0.10035634
300.65805 -1.4507025 -0.099959224
300.85806 -0.65576285 -0.099869817
301.05811 -0.96525997 -0.099943578
301.25815 0.0075995922 -0.10076538
301.45816 -0.8155033 -0.099492818
301.6582  -0.80600381 -0.10078922
301.85825 -0.72486699 -0.1008004
302.05826 1.2369454 -0.1002565
302.2583  4.2198224 -0.10062382
302.45834 0.57119876 -0.10092854
302.65836 -0.38888305 -0.1006946

